6356    11364
16372   21380
26388   31396
36404   41412
46420   51428
56436   61444
66452   71460
76468   81476
86484   91492
96500   101508
106516  111524
116532  121540
126548  131556
136564  141572
146580  151588
156596  161604
166612  171620
176628  181636
186644  191652
196660  201668
206676  211684
216692  221700
226708  231716
236724  241732
246740  251748
256756  261764
266772  271780
276788  281796
286804  291812
296820  301828
306836  311844
316852  321860
326868  331876
336884  341892
346900  351908
356916  361924
366932  371940
376948  381956
386964  391972
396980  401988
406996  412004
417012  422020
427028  432036
437044  442052
447060  452068
457076  462084
467092  472100
477108  482116
487124  492132
497140  502148
