532     540
548     556
564     572
580     588
596     604
612     620
628     636
644     652
660     668
676     684
692     700
708     716
724     732
740     748
760     764
776     784
792     800
808     816
824     832
840     848
856     864
872     880
888     896
904     912
920     928
936     944
952     960
968     976
984     992
1000    1008
1020    1032
1040    1048
1056    1064
1072    1080
1088    1096
1104    1112
1120    1128
1136    1144
1156    1160
1172    1180
1188    1196
1204    1212
1220    1228
1236    1244
1252    1260
1268    1276
1284    1292
1300    1308
1316    1324
1332    1340
