1528    1540
151732  151748
301972  301988
452212  452228
602452  602468
752700  752712
902932  902948
1053172 1053188
1203412 1203428
1353652 1353668
1503892 1503908
1654132 1654148
1804380 1804392
1954612 1954628
2104852 2104868
2255092 2255108
2405332 2405348
2555572 2555588
2705812 2705828
2856060 2856072
3006332 3006344
3156532 3156548
3306772 3306788
3457012 3457032
3607252 3607268
3757492 3757508
3907740 3907752
4057972 4057988
4208212 4208228
4358452 4358468
4508700 4508712
4658932 4658948
4809172 4809188
4959412 4959428
5109652 5109668
5259892 5259908
5410132 5410148
5560380 5560392
5710612 5710628
5860852 5860868
6011132 6011144
6161332 6161348
6311572 6311588
6461812 6461828
6612060 6612072
6762292 6762308
6912532 6912548
7062772 7062788
7213012 7213028
7363252 7363268
