1348    1452
6356    6400
11364   11408
16372   16416
21380   21424
26388   26440
31396   31440
36404   36448
41412   41456
46420   46464
51428   51480
56436   56480
61444   61488
66452   66496
71460   71504
76468   76520
81476   81520
86484   86528
91492   91536
96500   96544
101508  101560
106516  106560
111524  111568
116532  116576
121540  121584
126548  126600
131556  131600
136564  136608
141572  141616
146580  146624
151588  151680
156596  156640
161604  161648
166612  166656
171620  171664
176628  176680
181636  181680
186644  186688
191652  191696
196660  196704
201668  201720
206676  206720
211684  211728
216692  216736
221700  221744
226708  226760
231716  231760
236724  236768
241732  241776
246740  246784
