608             624
1002200         1002220
2003800         2003820
3005400         3005420
4007000         4007020
5008600         5008620
6010200         6010220
7011800         7011820
8013400         8013420
9015000         9015020
10016600        10016620
11018200        11018220
12019800        12019820
13021400        13021420
14023000        14023020
15024600        15024620
16026200        16026220
17027800        17027820
18029400        18029420
19031000        19031020
20032600        20032620
21034200        21034220
22035800        22035820
23037400        23037420
24039000        24039020
25040600        25040620
26042200        26042220
27043800        27043820
28045400        28045420
29047000        29047020
30048600        30048620
31050200        31050220
32051800        32051820
33053400        33053420
34055000        34055020
35056600        35056620
36058200        36058220
37059800        37059820
38061400        38061420
39063000        39063020
40064600        40064620
41066200        41066220
42067800        42067820
43069400        43069420
44071000        44071020
45072600        45072620
46074200        46074220
47075800        47075820
48077400        48077420
49079000        49079020
