524     532
5532    5540
10540   10548
15548   15556
20556   20564
25564   25572
30572   30580
35580   35588
40588   40596
45596   45604
50604   50612
55612   55620
60620   60628
65628   65636
70636   70644
75644   75652
80652   80660
85660   85668
90668   90676
95676   95684
100684  100692
105692  105700
110700  110708
115708  115716
120716  120724
125724  125732
130732  130740
135740  135748
140748  140756
145756  145764
150764  150772
155772  155780
160780  160788
165788  165796
170796  170804
175804  175812
180812  180820
185820  185828
190828  190836
195836  195844
200844  200852
205852  205860
210860  210868
215868  215876
220876  220884
225884  225892
230892  230900
235900  235908
240908  240916
245916  245924
